camera_name: right
frame_id: /head_color_camera_l_link
image_width: 1360
image_height: 1024
camera_matrix:
  rows: 3
  cols: 3
  data: [1453.5846392879885, 0.0, 696.4080704625112, 0.0, 1450.8503090889033, 525.84257639113525, 0.0, 0.0, 1.0]
distortion_model: plumb_bob
distortion_coefficients:
  rows: 1
  cols: 5
  data: [-0.27411023636005993, 0.27827681152615602, -0.00038184602760658626, -0.001610421704980058, -0.11104018841287988]
rectification_matrix:
  rows: 3
  cols: 3
  data: [0.99995268116563152, -0.0060070932541266735, 0.0076518141836269624, 0.0060221493122286094, 0.99997997295335006, -0.0019461268916822828, -0.0076399703746646425, 0.0019921151707494923, 0.99996883067914699]
projection_matrix:
  rows: 3
  cols: 4
  data: [1445.2253939714749, 0.0, 681.75246429443359, -174.33574477824183, 0.0, 1445.2253939714749, 511.97699356079102, 0.0, 0.0, 0.0, 1.0, 0.0]
