camera_name: left
frame_id: /head_color_camera_l_link
image_width: 1360
image_height: 1024
camera_matrix:
  rows: 3
  cols: 3
  data: [1454.1886567189945, 0.0, 671.58780272778029, 0.0, 1450.7939142497721, 513.03116433719345, 0.0, 0.0, 1.0]
distortion_model: plumb_bob
distortion_coefficients:
  rows: 1
  cols: 5
  data: [-0.2739147859523553, 0.28740701811350894, -0.00094962554287085857, -0.0013335217089074495, -0.14701243242554438]
rectification_matrix:
  rows: 3
  cols: 3
  data: [0.99997362429575509, 0.0057856410369798907, -0.0043905660914116884, -0.005776984104509335, 0.99998134920931636, 0.0019818395927997542, 0.0044019504163593567, -0.0019564230898648843, 0.99998839755330426]
projection_matrix:
  rows: 3
  cols: 4
  data: [1445.2253939714749, 0.0, 681.75246429443359, 0.0, 0.0, 1445.2253939714749, 511.97699356079102, 0.0, 0.0, 0.0, 1.0, 0.0]
