joint_names: ["arm_1_joint","arm_2_joint","arm_3_joint","arm_4_joint","arm_5_joint","arm_6_joint","arm_7_joint"]

# back side positions
home: [[0,0,0,0,0,0,0]]
folded: [[-1.1572567240035734, -1.9104664691761568, -2.5334780195730255, -1.7853311980377056, -0.072798739390243047, 0.91767934923272776, -1.8876618005378798]]
pregrasp: [[-1.3813422735995828, -1.9312548399287899, -1.7251153715474463, -1.4565057632094409, 0.7169946808744756, 1.0560171841958719, -2.1230019199424044]]
pregrasp_top: [[-0.87587967265669509, -0.98765406924023813, -2.019365717487724, -0.86609658321908944, -0.14251239921016767, 1.5534633142745486, -2.1222931407940107]]
grasp: [[-0.94338446021682099, -1.987128639793466, -1.6757425957025061, -1.2319960038941786, 0.92698961598913809, 0.7957495543301375, -2.2609604309432707]]
hold: [[-1.4622220395387109, -1.483421172261264, -2.5722112955751717, -2.0406781220494987, 0.40775763876802901, 1.8094765570595979, -2.8368191660629205]]
pre_look_at_table: [[-1.4117332144741783, -1.0933802021501384, -2.8143842535448362, -2.0943951023931953, 0.32534573315130511, 1.5282712545442345, 1.7578776443176236]]
look_at_table: [[-1.90413007129692, -0.43676863707511047, -2.8670597283903604, -1.2371477849958294, 0.078324145463379971, 1.1674038268438356, 1.7663080901665025]]
sdhmount: [[0.05897, -1.62093, 1.61828, -0.60607, 2.32322, -1.44618, -1.08467]]

#front side positions
overtray: [[2.95, -1.0850245914937158, -2.8517849530558705, -1.490963271231841, 0.69903542231877758, 1.0647794507576016, -1.9565543563358203]]
overtray_top: [[2.95, -1.3250728580096636, -1.8056213630534641, -1.4889849497870824, -1.3344558436999245, 2.0897956106166564, -1.9597330892331219]]
intermediateback: [[-0.92723326226047276, -1.0878091156907497, -1.7511329390916868, -2.0350967789643617, 0.75547017562671237, 1.55547223138452, -2.6139619402066767]]
intermediatebacklow: [[0.34600003337848573, -1.6400000103328185, -1.8149999713886731, -1.6349999713897863, -2.9670597283903604, -0.95000002861023169, 1.9699999904632339]]
intermediatefront: [[2.567286997401903, -0.76650447903842134, -2.879793265790644, -1.3169067774275871, 0.59769801545593759, 1.3751587638740583, -1.9299075952888678]]
intermediatefront_top: [[2.8247824942616617, -0.98670392150558073, -1.5027014062658048, -1.4649695735385015, -1.2100522103232669, 1.5809503007832906, -2.8119176816695504]]
wavein: [[1.5, 0.5, 0.0, -0.5, 0.0, 0.5, 0.0]]
waveout: [[1.5, 0.5, 0.0, 0.5, 0.0, -0.5, 0.0]]

# trajectories
folded-to-look_at_table: [pre_look_at_table,look_at_table]
look_at_table-to-folded: [pre_look_at_table,folded]
grasp-to-tray: [intermediateback, intermediatefront, overtray]
grasp-to-tray_top: [intermediateback, intermediatefront_top, overtray_top]
tray-to-folded: [intermediatefront, intermediateback, folded]
tray_top-to-folded: [intermediatefront_top, intermediateback, folded]
wave: [waveout, wavein, waveout, wavein]
