# calibrated by fmw-sh 2011-11-23
camera_name: left
image_width: 1360
image_height: 1024
camera_matrix:
  rows: 3
  cols: 3
  data: [1449.8064925037399, 0.0, 668.48985878172368, 0.0, 1446.3381928151425, 505.65109662328473, 0.0, 0.0, 1.0]
distortion_coefficients:
  rows: 1
  cols: 5
  data: [-0.26218191268191987, 0.22010918250226594, -0.00087455595647544155, -0.0014450290912924274, 0.0]
rectification_matrix:
  rows: 3
  cols: 3
  data: [0.99946154753025884, 0.0061274804420019474, -0.03223459309271471, -0.0060751475556714901, 0.99998006484204727, 0.0017211916429596243, 0.032244497059139038, -0.0015244349536333007, 0.99947884845427082]
projection_matrix:
  rows: 3
  cols: 4
  data: [1445.0754772876219, 0.0, 727.31310272216797, 0.0, 0.0, 1445.0754772876219, 514.64495849609375, 0.0, 0.0, 0.0, 1.0, 0.0]
