joint_names: ["arm_1_joint","arm_2_joint","arm_3_joint","arm_4_joint","arm_5_joint","arm_6_joint","arm_7_joint"]

# single positions
home: [[0.0,0.0,0.0,0.0,0.0,0.0,0.0]]
folded: [[2.4290597438812256, -1.7701096534729004, 2.3847932815551758, 1.7394360303878784, 0.15936754643917084, 0.98001194000244141, -1.4156016111373901]]
pregrasp: [[2.2550086975097656, -1.7103835344314575, 1.6442943811416626, 1.0777130126953125, -0.56421184539794922, 0.76949673891067505, 0.34572181105613708]]
hold: [[2.8392672538757324, -1.7105519771575928, 2.1235530376434326, 1.6465742588043213, -0.12992079555988312, 1.6634278297424316, 0.73505938053131104]]
grasp: [[1.5048, -1.6054, 0.7639, 1.2717, -3.1488, 1.1876, 0.0668]]
overtray: [[-1.1449495553970337, -0.96837705373764038, 1.907473087310791, 1.3587590456008911, 0.14348883926868439, 1.0876001119613647, -0.32824409008026123]]
intermediateback: [[2.1031880378723145, -1.2672231197357178, 1.5731064081192017, 1.2194563150405884, -0.096040539443492889, 1.2323125600814819, 0.54420763254165649]]
intermediatefront: [[-0.52130013704299927, -0.96837705373764038, 1.5731014013290405, 1.2194563150405884, -0.096051923930644989, 1.2323068380355835, 0.54420763254165649]]
wavein: [[-0.1, 0.5, 0.0, 0.5, 0.0, 0.5, -1.5708]]
waveout: [[-0.1, 0.5, 0.0, -0.5, 0.0, -0.5, -1.5708]]

#trajectories
grasp-to-tray: [intermediateback, intermediatefront, overtray]
tray-to-folded: [intermediatefront, intermediateback, folded]
wave: [waveout, wavein, waveout, wavein]
