joint_names: ["tray_1_joint", "tray_2_joint", "tray_3_joint"]
home: [[0,0,0]]
deliverup: [[1.0103012908094375, 0.0, 0.047420595776685934]]
displayup: [[0.15, 0.0, 1.05]]
deliverdown: [[0.0, 0.0, 0.0]]
displaydown: [[-0.85, 0.0, 0.45]]
storetray: [[-0.3821921996017183, 0.0002617993877991494, -0.12002629265965004]]
upright: [[0.25, -1.57, 1.50]]
back: [[1.5, -1.57, 1.5]]

to-back: [upright, back]
