camera_name: left
frame_id: /head_color_camera_l_link
image_width: 1360
image_height: 1024
camera_matrix:
  rows: 3
  cols: 3
  data: [1450.9663765000944, 0.0, 674.52818227118303, 0.0, 1447.8335417102958, 506.40871167076784, 0.0, 0.0, 1.0]
distortion_model: plumb_bob
distortion_coefficients:
  rows: 1
  cols: 5
  data: [-0.27066308113848592, 0.28355004926319594, -0.00091984652888456786, -0.0010358047344872128, -0.14390260989150197]
rectification_matrix:
  rows: 3
  cols: 3
  data: [0.99997310439762688, 0.0054995561947112229, -0.0048523564413830173, -0.0054866420122794283, 0.99998138179426754, 0.0026707347783746713, 0.0048669539552073215, -0.0026440398046442266, 0.99998466078870896]
projection_matrix:
  rows: 3
  cols: 4
  data: [1446.0381068165989, 0.0, 684.86552047729492, 0.0, 0.0, 1446.0381068165989, 507.68297576904297, 0.0, 0.0, 0.0, 1.0, 0.0]
