camera_name: left
frame_id: /head_color_camera_l_link
image_width: 1360
image_height: 1024
camera_matrix:
  rows: 3
  cols: 3
  data: [1451.628712889086, 0.0, 645.20796063557975, 0.0, 1451.7495876273319, 504.38181302723171, 0.0, 0.0, 1.0]
distortion_model: plumb_bob
distortion_coefficients:
  rows: 1
  cols: 5
  data: [-0.25858078248575583, 0.22786195676002405, -0.00094691680698241157, -0.0012879868176394501, -0.080376368715584415]
rectification_matrix:
  rows: 3
  cols: 3
  data: [0.99978875128818101, 0.012904241327443593, -0.015997917157649085, -0.012865199781249718, 0.99991401144202829, 0.0025409361463069754, 0.016029330373051723, -0.0023345829765022176, 0.99986879653788452]
projection_matrix:
  rows: 3
  cols: 4
  data: [1457.6154934560536, 0.0, 670.12260055541992, 0.0, 0.0, 1457.6154934560536, 507.32871627807617, 0.0, 0.0, 0.0, 1.0, 0.0]
