camera_name: left
frame_id: /head_color_camera_l_link
image_width: 1360
image_height: 1024
camera_matrix:
  rows: 3
  cols: 3
  data: [1451.2239242707201, 0.0, 647.33159357949535, 0.0, 1451.512357466929, 505.19364095186694, 0.0, 0.0, 1.0]
distortion_model: plumb_bob
distortion_coefficients:
  rows: 1
  cols: 5
  data: [-0.25648209827532603, 0.21535276176875215, -0.00076700926780839441, -0.0010578565343022676, -0.053446645001753126]
rectification_matrix:
  rows: 3
  cols: 3
  data: [0.99992009750099486, 0.0079444814385283887, -0.0098327935132465714, -0.0079216726602033809, 0.99996584655826892, 0.002356442078415095, 0.0098511783998591895, -0.0022783616212569972, 0.99994888036962026]
projection_matrix:
  rows: 3
  cols: 4
  data: [1455.1678151992817, 0.0, 663.18903350830078, 0.0, 0.0, 1455.1678151992817, 509.86345291137695, 0.0, 0.0, 0.0, 1.0, 0.0]
