# calibrated by fmw-sh 2011-11-23
camera_name: right
image_width: 1360
image_height: 1024
camera_matrix:
  rows: 3
  cols: 3
  data: [1455.6920112700718, 0.0, 694.67822264024619, 0.0, 1453.2233437057853, 524.85605264094193, 0.0, 0.0, 1.0]
distortion_coefficients:
  rows: 1
  cols: 5
  data: [-0.26755287977483744, 0.23161829882891574, -0.00040216170902122753, -0.0016719974341232922, 0.0]
rectification_matrix:
  rows: 3
  cols: 3
  data: [0.99964851669086408, -0.0057738389956017789, -0.025874811323136515, 0.0057318320573133659, 0.99998213240522449, -0.0016973425012992034, 0.0258841491848158, 0.0015484358407212243, 0.99966375005169883]
projection_matrix:
  rows: 3
  cols: 4
  data: [1445.0754772876219, 0.0, 727.31310272216797, -174.28898376530282, 0.0, 1445.0754772876219, 514.64495849609375, 0.0, 0.0, 0.0, 1.0, 0.0]
