camera_name: right
frame_id: /head_color_camera_l_link
image_width: 1360
image_height: 1024
camera_matrix:
  rows: 3
  cols: 3
  data: [1450.9676830818137, 0.0, 695.87987423915467, 0.0, 1448.1932522514448, 522.08400628065181, 0.0, 0.0, 1.0]
distortion_model: plumb_bob
distortion_coefficients:
  rows: 1
  cols: 5
  data: [-0.27025467002916398, 0.25010470751278918, -0.00054930760157092769, -0.001582085153998506, -0.047767019782626131]
rectification_matrix:
  rows: 3
  cols: 3
  data: [0.99996945103159618, -0.0061929962833272975, 0.0047690460894367331, 0.0062056478005722846, 0.99997725296834339, -0.0026426277189567976, -0.0047525718241526729, 0.0026721420097818036, 0.9999851362486023]
projection_matrix:
  rows: 3
  cols: 4
  data: [1446.0381068165989, 0.0, 684.86552047729492, -174.54430815741983, 0.0, 1446.0381068165989, 507.68297576904297, 0.0, 0.0, 0.0, 1.0, 0.0]
