camera_name: right
frame_id: /head_color_camera_l_link
image_width: 1360
image_height: 1024
camera_matrix:
  rows: 3
  cols: 3
  data: [1452.7922447106387, 0.0, 679.84975915725931, 0.0, 1449.7044999247055, 523.11404989141374, 0.0, 0.0, 1.0]
distortion_model: plumb_bob
distortion_coefficients:
  rows: 1
  cols: 5
  data: [-0.26765201741366584, 0.2697473230370192, -0.00081638489667141157, -0.0014617370867477304, -0.039799895095570331]
rectification_matrix:
  rows: 3
  cols: 3
  data: [0.99999607999738005, 0.0019455219647468291, 0.0020136867080961024, -0.0019406070352100291, 0.99999514058953554, -0.0024398445954453693, -0.0020184236940168493, 0.0024359272566557206, 0.99999499609957643]
projection_matrix:
  rows: 3
  cols: 4
  data: [1457.6154934560536, 0.0, 670.12260055541992, -176.80967197797113, 0.0, 1457.6154934560536, 507.32871627807617, 0.0, 0.0, 0.0, 1.0, 0.0]
