camera_name: right
frame_id: /head_color_camera_l_link
image_width: 1360
image_height: 1024
camera_matrix:
  rows: 3
  cols: 3
  data: [1446.21137, 0.0, 663.37706, 0.0, 1441.56567, 525.39049, 0.0, 0.0, 1.0]
distortion_model: plumb_bob
distortion_coefficients:
  rows: 1
  cols: 5
  data: [-0.25773, 0.20704, -0.00061, -0.00063, 0.00000]
rectification_matrix:
  rows: 3
  cols: 3
  data: [1, 0, 0, 0, 1, 0, 0, 0, 1]
#  data: [0.99996690524286469, -0.0038442590186795254, 0.007170083096109235, 0.0038608651288062818, 0.99998989346341471, -0.0023036257259529034, -0.00716115489742946, 0.0023312322118153451, 0.99997164120634441]
projection_matrix:
  rows: 3
  cols: 4
  data: [1446.21137, 0.0, 663.37706, 0.0, 0.0, 1441.56567, 525.39049, 0.0, 0.0, 0.0, 1.0, 0.0]
