camera_name: right
frame_id: /head_color_camera_l_link
image_width: 1360
image_height: 1024
camera_matrix:
  rows: 3
  cols: 3
  data: [1451.4054199463656, 0.0, 680.64779530745341, 0.0, 1448.1606054066501, 522.62508312410819, 0.0, 0.0, 1.0]
distortion_model: plumb_bob
distortion_coefficients:
  rows: 1
  cols: 5
  data: [-0.26540693788495234, 0.25960235060163006, -0.00076220057156406126, -0.0015825195465792492, -0.0082437187321492307]
rectification_matrix:
  rows: 3
  cols: 3
  data: [0.99996690524286469, -0.0038442590186795254, 0.007170083096109235, 0.0038608651288062818, 0.99998989346341471, -0.0023036257259529034, -0.00716115489742946, 0.0023312322118153451, 0.99997164120634441]
projection_matrix:
  rows: 3
  cols: 4
  data: [1455.1678151992817, 0.0, 663.18903350830078, -176.58732580273212, 0.0, 1455.1678151992817, 509.86345291137695, 0.0, 0.0, 0.0, 1.0, 0.0]
